1.654354e+02
9.865975e+02
1.205085e+02
9.806609e+02
2.562379e+02
2.175953e+02
9.263529e+02
3.783489e+02
8.526090e+02
8.366337e+02
7.538614e+02
1.291711e+02
5.968948e+02
2.627964e+02
4.269791e+02
6.919704e+02
5.780143e+02
8.098645e+02
8.218688e+02
9.728704e+02
9.613269e+02
9.789684e+02
1.811552e+02
9.722191e+02
1.812508e+02
9.491894e+02
9.041806e+02
1.312521e+02
4.386522e+02
8.008083e+01
3.273605e+02
4.127260e+02
6.835523e+02
2.292515e+02
2.088122e+02
4.560284e+02
6.135733e+01
4.170779e+02
5.654797e+02
4.946685e+02
1.159539e+02
1.227888e+02
7.951439e+02
7.421867e+02
3.978153e+01
4.303787e+02
5.193633e+02
5.093729e+02
6.493583e+02
2.148474e+02
5.103396e+01
6.020593e+02
6.069308e+02
3.911681e+02
7.338004e+02
5.410353e+02
3.091144e+01
7.478705e+02
3.202283e+02
7.985967e+02
4.814665e+01
6.430458e+02
4.204814e+02
6.665687e+02
6.728446e+02
9.735316e+02
9.501127e+02
4.845438e+02
5.279956e+02
8.320567e+01
4.705269e+02
6.519784e+02
9.313218e+02
2.307552e+01
6.356079e+02
6.349755e+02
1.075497e+02
4.530387e+02
8.827291e+02
1.517861e+02
4.635210e+02
6.412924e+02
6.869088e+02
9.162632e+02
5.868217e+02
5.510858e+02
7.086939e+01
5.072046e+02
7.777285e+02
4.562864e+02
9.564389e+02
6.693014e+02
7.815257e+02
5.603894e+02
9.219695e+01
4.068573e+02
9.624219e+02
5.560782e+02
9.388189e+02
3.834594e+02
3.609205e+02
3.136466e+02
6.783736e+02
7.130182e+02
1.348981e+02
8.532372e+02
4.280535e+02
6.459594e+02
4.369438e+01
4.339501e+02
7.244399e+02
4.929375e+02
7.051801e+02
1.543545e+02
4.980515e+01
8.816199e+02
9.814779e+02
7.495079e+02
7.188229e+02
3.222117e+02
4.587848e+01
5.572291e+02
5.345259e+02
8.758836e+01
6.611707e+02
4.712341e+02
8.160939e+02
9.216030e+02
6.734090e+02
3.766651e+02
2.535185e+02
8.143890e+02
2.132188e+02
9.193010e+02
9.143965e+01
4.189782e+02
8.476024e+02
3.671346e+02
4.661273e+02
1.585465e+02
5.658360e+02
8.769704e+01
5.640448e+02
7.252560e+01
8.669893e+02
9.921818e+02
1.029183e+01
9.832442e+02
3.119134e+02
7.555141e+01
3.604647e+02
4.783764e+02
4.718956e+01
9.095319e+02
7.240472e+02
2.884061e+02
1.322495e+02
6.993810e+02
9.323907e+02
9.912662e+02
5.541849e+02
8.200831e+02
9.826661e+02
6.996437e+02
7.759922e+02
7.380700e+02
9.669064e+02
6.855431e+02
3.953585e+02
5.530311e+01
2.350978e+02
7.670649e+01
8.077842e+02
3.192356e+02
5.977702e+02
6.038233e+02
8.666935e+02
4.835173e+02
1.440736e+02
3.518629e+02
4.429872e+02
4.889442e+02
9.590243e+02
7.254316e+02
1.150227e+02
3.557680e+02
9.499830e+02
2.714469e+02
7.192278e+02
1.523521e+02
4.377121e+02
8.164046e+01
5.552153e+02
1.877567e+02
1.970495e+02
8.400326e+02
4.008989e+02
4.828806e+02
9.175106e+02
6.383713e+02
1.610407e+02
8.439099e+02
6.516065e+02
3.583287e+01
1.164293e+02
1.073125e+02
4.833795e+02
6.628371e+02
7.498352e+01
5.163575e+02
2.590550e+02
1.671390e+02
6.884861e+02
8.907694e+01
1.864371e+02
5.274651e+02
7.286048e+02
5.898142e+02
4.279519e+02
4.834153e+02
2.422358e+02
8.582425e+02
1.504098e+02
1.971515e+02
1.483021e+02
5.360322e+02
9.133001e+02
7.466441e+01
6.169575e+02
5.713289e+02
7.805136e+02
4.947883e+02
5.000478e+02
5.301322e+02
6.270572e+02
5.493403e+02
7.552215e+02
